0,0,0
8,0,0
16,0,0
24,0,0
32,0,0
40,0,0
48,0,0
56,0,0
64,0,0
72,0,0
80,0,0
88,0,0
96,0,0
104,0,0
112,0,0
120,0,0
128,0,0
136,0,0
144,0,0
152,0,0
160,0,0
168,0,0
176,0,0
184,0,0
192,0,0
200,0,0
208,0,0
216,0,0
224,0,0
232,0,0
240,0,0
248,0,0
0,8,1
8,8,0
16,8,0
24,8,0
32,8,0
40,8,0
48,8,0
56,8,0
64,8,0
72,8,0
80,8,0
88,8,0
96,8,0
104,8,0
112,8,0
120,8,0
128,8,0
136,8,0
144,8,0
152,8,0
160,8,0
168,8,0
176,8,0
184,8,0
192,8,0
200,8,0
208,8,0
216,8,0
224,8,0
232,8,0
240,8,0
248,8,0
0,16,1
8,16,0
16,16,0
24,16,0
32,16,0
40,16,0
48,16,0
56,16,0
64,16,0
72,16,0
80,16,0
88,16,0
96,16,0
104,16,0
112,16,0
120,16,0
128,16,0
136,16,0
144,16,0
152,16,0
160,16,0
168,16,0
176,16,0
184,16,0
192,16,0
200,16,0
208,16,0
216,16,0
224,16,0
232,16,0
240,16,0
248,16,0
0,24,1
8,24,0
16,24,0
24,24,0
32,24,0
40,24,0
48,24,0
56,24,0
64,24,0
72,24,0
80,24,0
88,24,0
96,24,0
104,24,0
112,24,0
120,24,0
128,24,0
136,24,0
144,24,0
152,24,0
160,24,0
168,24,0
176,24,0
184,24,0
192,24,0
200,24,0
208,24,0
216,24,0
224,24,0
232,24,0
240,24,0
248,24,0
0,32,1
8,32,1
16,32,0
24,32,0
32,32,1
40,32,1
48,32,1
56,32,1
64,32,1
72,32,0
80,32,0
88,32,0
96,32,0
104,32,0
112,32,0
120,32,0
128,32,0
136,32,0
144,32,0
152,32,0
160,32,0
168,32,0
176,32,0
184,32,0
192,32,0
200,32,0
208,32,0
216,32,0
224,32,0
232,32,0
240,32,0
248,32,0
0,40,0
8,40,1
16,40,0
24,40,0
32,40,1
40,40,1
48,40,1
56,40,1
64,40,1
72,40,1
80,40,0
88,40,0
96,40,0
104,40,0
112,40,0
120,40,0
128,40,0
136,40,0
144,40,0
152,40,0
160,40,0
168,40,0
176,40,0
184,40,0
192,40,0
200,40,0
208,40,0
216,40,0
224,40,0
232,40,0
240,40,0
248,40,0
0,48,0
8,48,1
16,48,0
24,48,0
32,48,1
40,48,1
48,48,1
56,48,1
64,48,1
72,48,1
80,48,1
88,48,0
96,48,0
104,48,0
112,48,0
120,48,0
128,48,0
136,48,0
144,48,0
152,48,0
160,48,0
168,48,0
176,48,0
184,48,0
192,48,0
200,48,0
208,48,0
216,48,0
224,48,0
232,48,0
240,48,0
248,48,0
0,56,0
8,56,1
16,56,1
24,56,0
32,56,1
40,56,1
48,56,1
56,56,1
64,56,1
72,56,1
80,56,1
88,56,0
96,56,0
104,56,0
112,56,0
120,56,0
128,56,0
136,56,0
144,56,0
152,56,0
160,56,0
168,56,0
176,56,0
184,56,0
192,56,0
200,56,0
208,56,0
216,56,0
224,56,0
232,56,0
240,56,0
248,56,0
0,64,0
8,64,0
16,64,1
24,64,0
32,64,0
40,64,1
48,64,1
56,64,1
64,64,1
72,64,1
80,64,1
88,64,0
96,64,0
104,64,0
112,64,0
120,64,0
128,64,0
136,64,0
144,64,0
152,64,0
160,64,0
168,64,0
176,64,0
184,64,0
192,64,0
200,64,0
208,64,0
216,64,0
224,64,0
232,64,0
240,64,0
248,64,0
0,72,0
8,72,0
16,72,0
24,72,0
32,72,0
40,72,0
48,72,0
56,72,0
64,72,0
72,72,0
80,72,0
88,72,0
96,72,0
104,72,0
112,72,0
120,72,0
128,72,0
136,72,0
144,72,0
152,72,0
160,72,0
168,72,0
176,72,0
184,72,0
192,72,0
200,72,0
208,72,0
216,72,0
224,72,0
232,72,0
240,72,0
248,72,0
0,80,0
8,80,0
16,80,0
24,80,0
32,80,0
40,80,0
48,80,0
56,80,0
64,80,0
72,80,0
80,80,0
88,80,0
96,80,0
104,80,0
112,80,0
120,80,0
128,80,0
136,80,0
144,80,0
152,80,0
160,80,0
168,80,0
176,80,0
184,80,0
192,80,0
200,80,0
208,80,0
216,80,0
224,80,0
232,80,0
240,80,0
248,80,0
0,88,0
8,88,0
16,88,0
24,88,0
32,88,0
40,88,0
48,88,0
56,88,0
64,88,0
72,88,0
80,88,0
88,88,0
96,88,0
104,88,0
112,88,0
120,88,0
128,88,0
136,88,0
144,88,0
152,88,0
160,88,0
168,88,0
176,88,0
184,88,0
192,88,0
200,88,0
208,88,0
216,88,0
224,88,0
232,88,0
240,88,0
248,88,0
0,96,0
8,96,0
16,96,0
24,96,0
32,96,0
40,96,0
48,96,0
56,96,0
64,96,0
72,96,0
80,96,0
88,96,0
96,96,0
104,96,0
112,96,0
120,96,0
128,96,0
136,96,0
144,96,0
152,96,0
160,96,0
168,96,0
176,96,0
184,96,0
192,96,0
200,96,0
208,96,0
216,96,0
224,96,0
232,96,0
240,96,0
248,96,0
0,104,0
8,104,0
16,104,0
24,104,0
32,104,0
40,104,0
48,104,0
56,104,0
64,104,0
72,104,0
80,104,0
88,104,0
96,104,0
104,104,0
112,104,0
120,104,0
128,104,0
136,104,0
144,104,0
152,104,0
160,104,0
168,104,0
176,104,0
184,104,0
192,104,0
200,104,0
208,104,0
216,104,0
224,104,0
232,104,0
240,104,0
248,104,0
0,112,0
8,112,0
16,112,0
24,112,0
32,112,0
40,112,0
48,112,0
56,112,0
64,112,0
72,112,0
80,112,0
88,112,0
96,112,0
104,112,0
112,112,0
120,112,0
128,112,0
136,112,0
144,112,0
152,112,0
160,112,1
168,112,1
176,112,0
184,112,0
192,112,0
200,112,0
208,112,0
216,112,0
224,112,0
232,112,0
240,112,0
248,112,0
0,120,0
8,120,0
16,120,0
24,120,0
32,120,0
40,120,0
48,120,0
56,120,0
64,120,0
72,120,0
80,120,0
88,120,0
96,120,0
104,120,0
112,120,0
120,120,0
128,120,0
136,120,0
144,120,0
152,120,0
160,120,1
168,120,1
176,120,0
184,120,0
192,120,0
200,120,0
208,120,0
216,120,0
224,120,0
232,120,0
240,120,0
248,120,0
0,128,0
8,128,0
16,128,0
24,128,0
32,128,0
40,128,0
48,128,0
56,128,0
64,128,0
72,128,0
80,128,0
88,128,0
96,128,0
104,128,0
112,128,0
120,128,0
128,128,0
136,128,0
144,128,0
152,128,0
160,128,0
168,128,1
176,128,0
184,128,0
192,128,0
200,128,0
208,128,0
216,128,0
224,128,0
232,128,0
240,128,0
248,128,0
0,136,0
8,136,0
16,136,0
24,136,0
32,136,0
40,136,0
48,136,0
56,136,0
64,136,0
72,136,0
80,136,1
88,136,1
96,136,0
104,136,0
112,136,0
120,136,0
128,136,0
136,136,0
144,136,0
152,136,0
160,136,0
168,136,1
176,136,0
184,136,0
192,136,0
200,136,0
208,136,0
216,136,0
224,136,0
232,136,0
240,136,0
248,136,0
0,144,0
8,144,0
16,144,0
24,144,0
32,144,0
40,144,0
48,144,0
56,144,0
64,144,0
72,144,0
80,144,0
88,144,1
96,144,0
104,144,0
112,144,0
120,144,0
128,144,0
136,144,0
144,144,0
152,144,0
160,144,0
168,144,1
176,144,0
184,144,0
192,144,0
200,144,0
208,144,0
216,144,0
224,144,0
232,144,0
240,144,0
248,144,0
0,152,0
8,152,0
16,152,0
24,152,0
32,152,0
40,152,0
48,152,0
56,152,0
64,152,0
72,152,0
80,152,0
88,152,1
96,152,1
104,152,0
112,152,0
120,152,0
128,152,0
136,152,0
144,152,0
152,152,0
160,152,1
168,152,1
176,152,0
184,152,0
192,152,0
200,152,0
208,152,0
216,152,0
224,152,0
232,152,0
240,152,0
248,152,0
0,160,0
8,160,0
16,160,0
24,160,0
32,160,0
40,160,0
48,160,0
56,160,0
64,160,0
72,160,0
80,160,0
88,160,0
96,160,1
104,160,1
112,160,0
120,160,0
128,160,0
136,160,0
144,160,0
152,160,1
160,160,1
168,160,0
176,160,0
184,160,0
192,160,0
200,160,0
208,160,0
216,160,0
224,160,0
232,160,0
240,160,0
248,160,0
0,168,0
8,168,0
16,168,0
24,168,0
32,168,0
40,168,0
48,168,0
56,168,0
64,168,0
72,168,0
80,168,0
88,168,0
96,168,0
104,168,1
112,168,1
120,168,1
128,168,1
136,168,1
144,168,1
152,168,1
160,168,0
168,168,0
176,168,0
184,168,0
192,168,0
200,168,0
208,168,0
216,168,0
224,168,0
232,168,0
240,168,0
248,168,0
0,176,0
8,176,0
16,176,0
24,176,0
32,176,0
40,176,0
48,176,0
56,176,0
64,176,0
72,176,0
80,176,0
88,176,0
96,176,0
104,176,0
112,176,0
120,176,0
128,176,0
136,176,0
144,176,0
152,176,0
160,176,0
168,176,0
176,176,0
184,176,0
192,176,0
200,176,0
208,176,0
216,176,0
224,176,0
232,176,0
240,176,0
248,176,0
0,184,0
8,184,0
16,184,0
24,184,0
32,184,0
40,184,0
48,184,0
56,184,0
64,184,0
72,184,0
80,184,0
88,184,0
96,184,0
104,184,0
112,184,0
120,184,0
128,184,0
136,184,0
144,184,0
152,184,0
160,184,0
168,184,0
176,184,0
184,184,0
192,184,0
200,184,0
208,184,0
216,184,0
224,184,0
232,184,0
240,184,0
248,184,0
0,192,0
8,192,0
16,192,0
24,192,0
32,192,0
40,192,0
48,192,0
56,192,0
64,192,0
72,192,0
80,192,0
88,192,0
96,192,0
104,192,0
112,192,0
120,192,0
128,192,0
136,192,0
144,192,0
152,192,0
160,192,0
168,192,0
176,192,0
184,192,0
192,192,0
200,192,0
208,192,0
216,192,0
224,192,0
232,192,0
240,192,0
248,192,0
0,200,0
8,200,0
16,200,0
24,200,0
32,200,0
40,200,0
48,200,0
56,200,0
64,200,0
72,200,0
80,200,0
88,200,0
96,200,0
104,200,0
112,200,0
120,200,0
128,200,0
136,200,0
144,200,0
152,200,0
160,200,0
168,200,0
176,200,0
184,200,0
192,200,0
200,200,0
208,200,0
216,200,0
224,200,0
232,200,0
240,200,0
248,200,0
0,208,0
8,208,0
16,208,0
24,208,0
32,208,0
40,208,0
48,208,0
56,208,0
64,208,0
72,208,0
80,208,0
88,208,0
96,208,0
104,208,0
112,208,0
120,208,0
128,208,0
136,208,0
144,208,0
152,208,0
160,208,0
168,208,0
176,208,0
184,208,0
192,208,0
200,208,0
208,208,0
216,208,0
224,208,0
232,208,0
240,208,0
248,208,0
0,216,0
8,216,0
16,216,0
24,216,0
32,216,0
40,216,0
48,216,0
56,216,0
64,216,0
72,216,0
80,216,0
88,216,0
96,216,0
104,216,0
112,216,0
120,216,0
128,216,0
136,216,0
144,216,0
152,216,0
160,216,0
168,216,0
176,216,0
184,216,0
192,216,0
200,216,0
208,216,0
216,216,0
224,216,0
232,216,0
240,216,0
248,216,0
0,224,0
8,224,0
16,224,0
24,224,0
32,224,0
40,224,0
48,224,0
56,224,0
64,224,0
72,224,0
80,224,0
88,224,0
96,224,0
104,224,0
112,224,0
120,224,0
128,224,0
136,224,0
144,224,0
152,224,0
160,224,0
168,224,0
176,224,0
184,224,0
192,224,0
200,224,0
208,224,0
216,224,0
224,224,0
232,224,0
240,224,0
248,224,0
0,232,0
8,232,0
16,232,0
24,232,0
32,232,0
40,232,0
48,232,0
56,232,0
64,232,0
72,232,0
80,232,0
88,232,0
96,232,0
104,232,0
112,232,0
120,232,0
128,232,0
136,232,0
144,232,0
152,232,0
160,232,0
168,232,0
176,232,0
184,232,0
192,232,0
200,232,0
208,232,0
216,232,0
224,232,0
232,232,0
240,232,0
248,232,0
0,240,0
8,240,0
16,240,0
24,240,0
32,240,0
40,240,0
48,240,0
56,240,0
64,240,0
72,240,0
80,240,0
88,240,0
96,240,0
104,240,0
112,240,0
120,240,0
128,240,0
136,240,0
144,240,0
152,240,0
160,240,0
168,240,0
176,240,0
184,240,0
192,240,0
200,240,0
208,240,0
216,240,0
224,240,0
232,240,0
240,240,0
248,240,0
0,248,0
8,248,0
16,248,0
24,248,0
32,248,0
40,248,0
48,248,0
56,248,0
64,248,0
72,248,0
80,248,0
88,248,0
96,248,0
104,248,0
112,248,0
120,248,0
128,248,0
136,248,0
144,248,0
152,248,0
160,248,0
168,248,0
176,248,0
184,248,0
192,248,0
200,248,0
208,248,0
216,248,0
224,248,0
232,248,0
240,248,0
248,248,0
